f1	f2
584.7	1569.0
469.7	1940.9
762.9	1494.1
522.0	1029.4
448.8	2212.0
677.0	1600.6
273.8	2198.5
764.2	1716.0
340.9	2263.3
661.1	1703.3
461.2	1527.6
403.8	1181.4
420.9	1166.6
608.9	1615.6
528.1	1426.5
305.1	1632.1
340.7	2014.0
569.0	1080.2
342.4	2169.6
351.5	1965.7
444.5	1751.2
434.8	1059.8
522.2	1594.2
456.6	1578.3
490.1	1587.7
812.9	1466.3
618.7	1500.4
643.7	1177.7
408.0	1474.3
347.7	2204.6
395.7	1309.5
396.0	1615.8
767.7	1494.9
384.0	2166.5
396.0	1686.4
339.9	1865.3
688.0	1672.1
444.8	1391.5
324.5	2243.6
695.8	1597.4
280.1	2270.0
610.4	1481.9
369.8	1617.4
625.2	1453.3
470.0	1695.2
547.3	1779.0
452.1	1240.1
406.1	1713.5
510.9	1684.4
658.2	1209.8
613.0	1248.4
349.7	2089.7
638.8	1106.6
354.1	1745.2
415.9	1170.8
286.7	2354.1
353.5	1872.6
239.8	2008.7
627.0	1737.8
310.2	1755.6
560.2	1626.8
707.9	1616.6
695.0	1026.1
344.6	2358.8
359.1	2294.4
404.0	2061.2
787.6	1219.5
433.2	930.3
406.1	1964.6
618.2	1152.4
681.5	1621.5
364.8	2154.6
497.9	1093.1
559.3	903.2
560.6	1390.5
415.2	2101.9
563.3	2182.1
559.1	1593.3
612.3	1797.5
585.5	1013.7
617.0	1916.7
461.2	1190.2
285.0	2199.5
607.9	1818.7
762.0	1282.5
373.1	1710.7
608.7	1619.6
936.9	1643.4
589.7	995.6
694.4	1664.6
535.1	1920.9
521.5	1508.8
520.4	1996.4
657.4	1539.3
589.1	1240.4
662.2	1615.1
735.1	1472.7
286.0	2206.0
617.0	1916.7
385.1	1727.5
715.2	1494.0
464.3	1160.3
338.8	2254.0
295.1	2297.9
430.3	1657.2
561.3	1261.3
613.2	2041.5
325.7	2178.1
407.1	2233.7
643.2	1601.8
578.6	1595.2
352.8	2153.9
404.4	1896.8
567.9	1857.4
533.6	1000.5
332.3	1142.0
589.6	1056.3
538.6	1780.2
381.7	2091.7
644.0	1012.9
496.9	1451.1
453.6	1289.8
411.8	1981.4
366.1	1623.2
496.2	1901.5
395.7	1060.7
705.9	1907.9
604.0	1321.0
556.6	1694.1
434.5	2357.7
426.7	1910.7
583.5	1508.8
614.0	2009.3
612.6	2106.1
495.3	1011.5
650.1	1661.6
694.8	1631.0
429.7	2215.4
582.2	1019.9
648.0	1481.4
623.0	1012.1
508.8	1222.8
483.4	887.0
400.4	1666.9
862.7	1481.5
706.2	1869.2
444.3	1360.1
364.6	1811.0
757.5	1536.4
695.8	1597.4
339.1	1623.8
305.9	1898.6
597.6	1430.0
417.8	1343.4
322.9	1947.9
351.1	1603.6
691.1	1587.8
650.8	1252.5
653.7	1733.6
278.1	1747.9
466.7	1944.9
499.0	963.6
703.5	1552.4
610.4	1481.9
384.7	2012.0
287.9	2246.1
521.2	903.7
552.4	1613.4
408.7	1184.0
447.2	2039.8
740.7	1677.0
560.2	1626.8
719.3	1434.0
737.4	1329.5
537.9	1756.2
587.5	2059.0
713.6	1393.8
425.3	1656.1
374.9	1652.2
442.1	816.3
653.7	2086.3
587.9	1482.0
706.8	1525.5
596.8	1600.3
678.8	1516.6
479.3	2046.5
577.2	1613.6
582.9	1383.6
413.2	1977.8
350.4	2270.4
698.0	1381.0
574.6	1315.5
491.6	1743.2
760.2	1577.1
561.1	1494.9
626.4	1550.3
333.1	1473.1
505.1	1701.6
607.2	1244.8
566.3	1129.1
373.6	2055.8
675.5	1596.4
637.6	1247.8
588.8	1125.6
334.1	2272.7
374.9	1392.9
505.0	1538.2
643.0	1659.4
560.1	1445.4
640.0	1677.2
512.8	844.3
345.2	2171.5
790.5	1612.5
561.7	1853.4
358.6	1684.0
625.2	1662.0
726.4	1573.6
539.7	1097.3
662.4	1502.7
394.9	1093.1
521.1	1329.1
319.8	1573.0
633.5	1611.5
636.2	1754.0
338.1	1401.4
551.0	2087.4
475.7	1651.7
835.5	1504.0
515.6	1259.7
590.7	1544.3
840.8	1537.3
303.6	1863.8
548.7	1858.6
371.9	2188.9
484.4	1918.0
549.8	2100.0
707.6	1563.7
526.0	1411.9
581.6	1175.1
451.0	1229.3
330.0	1962.3
596.1	1507.9
605.8	1179.3
385.3	1575.0
632.1	1262.3
358.3	1866.6
679.8	1414.5
603.1	992.2
540.9	1909.4
392.1	1764.8
329.5	1518.3
645.0	1431.5
336.3	2372.9
310.6	2251.5
684.8	1498.2
417.7	2100.3
552.4	1613.4
697.4	1292.4
512.9	1499.0
652.7	1419.5
560.7	897.1
496.6	2010.3
666.8	1285.7
562.8	1153.7
553.1	1813.2
378.5	966.1
604.4	1523.6
752.6	1359.5
621.3	1239.7
423.7	1261.7
200.0	2265.1
763.7	1657.4
407.3	1860.3
440.5	1485.3
430.9	1818.5
629.5	1550.1
537.6	1873.7
282.0	2262.7
261.6	2178.9
354.3	1936.1
320.3	1993.4
339.2	1885.9
354.5	1944.3
546.9	1087.3
520.4	1996.4
362.3	2152.2
454.4	1139.0
273.2	2154.9
671.3	1572.6
373.6	2055.8
359.0	2187.2
619.0	1738.7
554.8	1481.0
429.5	1883.3
605.1	923.2
469.6	2179.0
385.4	1443.8
326.6	2248.9
392.1	1828.1
596.5	1213.7
400.2	806.1
371.5	1996.7
709.4	1292.3
540.4	1711.9
682.1	1955.0
417.7	2100.3
589.1	1563.1
319.5	2430.2
695.0	1026.1
362.5	2213.1
407.3	1860.3
342.4	2169.6
323.7	2099.7
623.4	2447.1
518.2	2059.2
556.7	869.4
642.3	1558.2
313.4	1833.1
333.4	1902.6
326.4	1995.7
468.8	1315.7
883.6	1720.0
629.5	1550.1
646.7	1369.7
500.7	1564.4
326.2	2340.4
505.2	1746.3
640.7	1762.7
415.7	1135.2
649.2	1549.0
582.2	1019.9
284.5	2178.0
479.4	1567.2
335.7	2147.6
539.7	1097.3
636.4	1575.3
851.1	1658.9
591.9	1182.5
550.7	1494.5
369.3	1969.9
558.5	1205.0
411.2	1415.4
604.3	1056.9
356.9	1968.8
568.6	994.0
370.0	2157.2
822.8	1808.5
625.0	1848.7
682.1	1955.0
577.0	1179.8
405.9	1626.5
497.3	1651.5
512.6	1409.2
358.0	1870.0
522.9	1576.1
360.7	1870.6
640.1	1381.4
349.7	2089.7
560.9	1326.1
912.2	1525.0
304.5	1989.7
594.6	1025.6
353.5	2230.9
611.1	1331.6
354.3	1936.1
449.3	2134.3
600.3	1428.9
449.6	1326.4
286.0	2206.0
582.0	1755.9
551.0	2087.4
263.6	2187.2
323.4	1588.8
612.3	1508.2
648.2	1197.6
617.9	1660.5
319.0	1796.1
343.8	2117.7
310.3	1901.3
534.9	1347.8
530.3	2057.5
628.0	1387.1
340.6	2119.7
499.6	1674.7
667.9	1254.1
654.9	1495.4
364.6	1811.0
573.1	867.0
572.6	1329.5
373.1	1710.7
445.6	1758.8
389.6	909.1
640.1	1381.4
570.6	1471.4
639.8	1855.8
869.2	1993.5
603.8	1685.0
442.1	816.3
560.6	966.7
464.0	2021.1
565.6	1762.9
329.9	1532.0
529.2	1774.1
322.9	1947.9
647.5	1542.0
554.7	1871.0
453.6	1289.8
340.6	1124.1
384.2	2181.6
763.6	1530.8
571.3	1264.3
498.8	1031.6
396.0	1615.8
483.5	2247.4
333.6	1810.6
305.5	2168.7
574.7	1510.2
366.8	1775.0
264.6	1967.4
680.8	1468.6
410.7	1203.3
395.8	899.5
540.7	1740.0
344.9	1478.6
574.7	1510.2
319.0	1796.1
449.1	863.7
629.2	1732.4
398.4	2005.4
581.8	1016.5
527.2	1839.0
557.4	1124.9
449.8	1084.2
606.2	1407.9
297.3	2130.0
612.8	1157.8
533.6	1000.5
372.5	1822.2
434.3	1667.9
573.5	1523.3
239.8	2215.2
386.5	2178.3
384.3	1909.1
430.6	2002.7
471.5	994.3
314.8	2119.0
778.8	1848.8
537.9	1051.5
475.6	2079.6
351.3	983.5
673.5	1358.1
435.8	899.6
434.5	1070.6
544.8	2297.6
281.6	1547.3
741.9	1676.8
894.7	1424.2
711.2	1460.4
310.2	1755.6
636.8	1243.8
444.7	1299.5
320.5	2384.8
430.3	1708.5
626.4	1550.3
504.1	1296.4
345.2	1516.7
392.8	1764.3
421.2	2302.4
460.6	1745.3
335.1	1658.5
804.4	1633.4
601.3	1033.8
358.6	2071.8
580.7	983.3
540.4	1711.9
667.3	1771.0
373.4	1533.2
615.0	1377.5
499.0	963.6
362.5	2213.1
804.4	1633.4
430.3	1657.2
611.5	2079.1
521.6	1538.0
741.9	1676.8
615.6	1098.0
392.1	1828.1
664.0	1177.3
329.0	1735.5
700.6	1446.3
297.3	2130.0
548.9	978.8
491.5	1403.4
475.3	1851.5
467.4	1592.0
710.0	1426.8
239.8	2008.7
593.1	1468.8
313.3	2459.8
352.8	2153.9
521.5	1508.8
833.7	1595.7
330.1	2110.0
392.4	1410.3
323.4	2073.8
567.2	1721.7
681.5	1621.5
767.0	1367.5
588.8	965.9
651.9	1334.6
648.3	1493.4
611.7	1727.5
423.6	2043.3
392.2	785.7
416.2	1509.3
349.1	1772.2
546.9	1602.5
737.2	1446.9
633.8	1724.4
583.0	1133.2
481.7	1013.9
507.6	1089.0
615.0	1897.4
515.5	805.9
648.0	1481.4
772.1	1383.6
419.7	1746.3
333.5	1587.4
653.3	1223.6
836.1	1542.7
398.0	1672.3
648.3	1493.4
587.0	1661.3
577.5	1401.6
385.9	1785.9
769.4	1617.6
345.8	2189.1
464.2	1326.4
627.1	1441.5
560.1	976.2
716.6	1475.9
496.2	1191.5
405.2	2122.0
459.4	1248.7
596.5	1213.7
560.3	1040.2
489.2	1555.4
321.3	2174.1
284.5	2178.0
476.5	1728.6
359.1	2164.2
580.3	1515.8
522.5	1367.1
607.9	1818.7
346.1	1806.2
710.8	1337.5
369.2	2337.0
648.4	1660.4
570.4	990.8
530.9	2039.4
377.9	1801.2
352.8	2002.6
639.8	1518.4
611.7	1372.1
787.6	1219.5
605.9	1066.0
394.9	2001.0
788.4	1915.3
540.4	1405.0
635.5	1703.6
531.9	1736.0
612.9	1433.4
760.2	1577.1
692.6	1565.5
309.2	1838.6
320.4	1564.2
546.9	1087.3
632.1	1262.3
599.3	1222.4
554.8	1481.0
332.9	830.2
496.1	1914.4
287.9	2246.1
758.7	1950.4
385.1	868.8
334.1	2305.4
650.8	1252.5
533.6	1953.6
574.6	1315.5
686.2	1368.3
567.9	1857.4
824.1	1461.4
314.4	1751.1
612.6	2106.1
356.4	1782.6
824.8	1602.6
619.4	1733.9
692.6	1596.1
486.4	1023.8
722.2	1321.8
461.5	1939.4
600.2	1231.3
373.4	1533.2
447.6	2252.9
449.7	2099.9
366.1	1623.2
374.5	2049.0
394.9	1093.1
417.9	840.3
619.4	1733.9
553.9	1580.0
454.4	1139.0
405.3	1521.3
597.2	1469.0
379.1	2081.7
579.9	1345.5
769.2	1670.0
326.6	2248.9
415.7	1135.2
351.3	983.5
771.3	1284.4
841.3	1782.4
425.2	1178.6
679.8	1414.5
659.3	1496.1
388.3	1858.2
517.1	1894.5
662.4	1502.7
366.8	1775.0
613.2	1708.6
334.8	2103.4
303.6	1863.8
572.8	1639.4
663.3	1440.9
525.4	1610.9
351.6	2082.3
546.9	1602.5
572.2	1398.1
313.3	2207.9
612.5	1629.0
452.1	1240.1
350.2	2247.5
674.8	1570.7
569.1	1707.5
389.1	2095.7
319.0	1921.2
736.6	1521.4
532.8	1493.5
448.5	979.4
283.8	1980.0
398.0	1672.3
385.3	1575.0
421.1	2137.5
643.6	1441.9
549.6	1508.4
459.0	1748.3
570.1	1432.0
554.7	1871.0
563.0	1369.6
655.9	1838.7
589.6	1056.3
597.4	1814.5
343.8	2117.7
556.6	1694.1
408.4	2003.9
513.6	1190.9
496.2	1901.5
346.1	1806.2
421.0	840.9
496.0	1146.6
454.9	953.8
358.8	1615.5
421.8	821.5
509.9	1599.1
389.1	2095.7
340.3	1525.0
331.9	1235.9
676.5	1450.2
416.3	1486.2
424.9	925.9
512.1	1348.8
320.1	2034.0
339.7	2240.8
487.1	2019.6
625.2	1662.0
627.0	1672.5
632.5	1230.8
758.1	1419.1
437.7	1787.3
608.7	1619.6
594.5	984.9
727.9	1681.6
328.9	2036.5
504.3	1092.8
483.5	2247.4
619.0	1973.8
643.6	1441.9
369.4	1929.3
631.7	1361.9
336.3	2372.9
633.8	1724.4
356.2	1830.5
351.3	2033.0
333.8	1871.6
247.4	1350.9
511.9	1685.4
440.5	1485.3
434.8	1059.8
772.1	1383.6
260.8	2027.0
261.2	2030.3
410.9	1768.1
527.1	1336.7
552.9	1001.6
416.2	1509.3
684.8	1498.2
795.8	1637.9
453.1	1165.9
708.9	1681.7
669.5	1263.1
815.4	1616.7
375.2	2076.0
678.5	1499.1
591.5	991.6
311.7	2182.0
330.0	1962.3
605.1	923.2
414.2	2389.6
632.8	982.6
724.4	1700.7
707.6	1563.7
384.1	2030.5
378.1	1720.3
573.9	1273.7
406.9	2030.0
640.6	1373.3
365.1	1877.7
570.0	1883.0
421.7	790.1
476.5	1728.6
680.8	1468.6
388.3	1858.2
496.2	1974.8
569.3	1595.6
516.3	1093.4
559.7	1343.4
698.1	1739.4
391.9	1489.3
547.1	1766.3
795.8	1637.9
611.7	1372.1
267.1	2186.1
358.6	1684.0
661.7	1604.3
542.3	1974.7
416.1	835.0
651.6	1174.2
729.9	1126.6
377.5	2003.3
836.0	1799.1
696.3	1556.1
444.7	1299.5
440.5	967.7
654.9	1585.0
648.4	1660.4
368.3	2257.5
525.0	1847.2
716.3	1691.2
477.7	1557.3
612.4	1581.5
658.8	1480.6
560.3	1040.2
572.9	1587.5
602.0	1224.0
648.6	1408.4
425.3	1656.1
573.9	1273.7
654.1	2192.6
327.0	1384.5
766.5	1397.1
644.8	1491.2
594.8	1939.9
692.1	1284.1
558.6	1784.5
732.7	1686.7
351.8	2036.6
475.9	869.4
498.6	1652.8
444.5	1751.2
401.7	1981.1
637.2	1310.9
378.6	2069.2
644.3	1384.8
797.9	1838.6
559.7	2023.4
558.8	962.7
398.1	875.7
574.3	1813.3
325.7	2058.6
489.2	1955.1
440.5	967.7
578.3	1501.0
400.1	1543.8
390.9	841.8
253.9	1935.6
356.3	2045.5
612.2	1115.7
578.0	1953.8
420.9	2175.5
510.9	1684.4
438.4	1818.8
632.5	1230.8
507.5	1229.5
517.8	1395.5
462.7	1831.6
559.3	1780.4
645.7	1603.8
632.2	1587.4
499.5	1786.8
628.4	1355.3
407.1	2233.7
606.3	1745.3
612.2	1115.7
401.6	1660.9
463.0	1054.6
703.7	1515.3
411.5	1129.3
618.2	1152.4
330.6	2454.9
291.8	1782.8
646.4	1355.0
296.6	1763.1
638.8	1106.6
804.1	2233.7
613.5	2243.3
437.4	1838.3
690.6	1504.2
604.8	1075.2
762.0	1282.5
648.6	1408.4
618.5	1833.5
306.3	2325.9
733.4	1301.7
323.4	1588.8
286.8	1493.7
437.4	1838.3
517.9	1659.2
449.3	2134.3
492.8	1893.9
604.9	1036.6
312.3	1773.6
651.9	1334.6
267.1	2186.1
378.1	1720.3
645.7	1603.8
242.1	1001.1
329.0	1735.5
432.9	1857.1
426.0	783.5
492.5	1922.4
524.7	1649.1
264.6	1967.4
348.0	1796.3
749.5	1529.0
200.0	2095.1
396.9	1587.6
342.9	2095.4
712.2	1449.5
512.1	1800.3
628.4	1355.3
311.7	2182.0
393.1	1820.1
330.1	1676.3
568.9	1744.1
439.1	1774.6
286.8	1493.7
491.5	1403.4
336.3	1578.0
503.6	1873.6
421.7	790.1
335.0	2053.5
520.3	1062.6
370.5	888.9
335.4	2083.6
556.7	869.4
326.2	2166.9
254.5	2233.6
381.3	1003.1
464.3	1746.4
492.5	1487.7
362.5	2241.3
519.3	1852.4
597.3	1774.1
530.4	1128.6
579.7	1214.9
684.6	1558.0
550.3	1675.7
942.8	1649.1
568.5	1586.2
627.2	1271.3
726.7	1713.9
427.4	973.1
296.4	2299.6
569.1	1707.5
276.0	2259.4
562.3	1608.8
489.9	2074.0
561.3	1261.3
788.4	1915.3
533.6	1953.6
568.3	1153.3
721.4	1766.2
406.9	906.8
393.9	1816.4
438.9	1675.2
429.8	2482.6
652.7	1419.5
741.1	1554.4
316.2	2269.4
628.3	1809.7
594.6	1025.6
659.3	1348.5
836.1	1542.7
408.0	1474.3
293.1	2309.2
524.0	1869.5
579.9	1345.5
583.0	1133.2
807.3	1555.6
377.3	2209.2
453.5	1603.6
423.7	1832.3
631.3	1009.5
704.2	1808.5
334.5	2092.0
561.1	1180.9
569.7	1953.4
457.1	1899.0
640.7	1517.3
737.4	1329.5
568.9	1744.1
564.7	1983.7
605.7	1638.1
628.3	1809.7
609.2	996.8
679.3	1517.3
585.7	1573.4
662.5	1559.4
467.5	1392.2
536.5	1640.0
638.2	1067.0
499.9	1902.8
306.3	2325.9
716.2	1355.5
608.8	1372.5
380.0	1334.9
594.5	984.9
481.5	1971.9
399.8	1680.7
351.2	2038.4
704.3	1529.0
373.3	817.2
549.5	1158.6
442.5	1494.4
573.5	1523.3
412.7	779.1
319.6	1973.8
517.1	1918.9
698.1	1739.4
525.0	1847.2
434.3	1667.9
457.0	1253.7
574.6	1996.1
502.6	1934.0
417.8	2106.4
621.8	1567.7
529.2	1774.1
344.4	1695.7
445.4	1697.2
258.2	2386.1
344.4	1312.2
635.6	1456.0
312.3	1773.6
703.5	1552.4
420.6	2079.4
367.1	1344.4
454.9	953.8
398.4	2005.4
719.3	1434.0
457.1	1899.0
578.5	1910.5
509.6	2279.0
619.0	1738.7
350.4	1862.1
596.8	1600.3
602.0	1587.5
632.2	1587.4
311.9	1839.5
338.8	2254.0
353.4	2208.0
407.4	1874.2
607.3	2004.0
451.0	1229.3
335.6	2198.2
328.4	2193.3
598.5	1719.5
646.2	1699.1
621.7	1125.8
540.1	1088.8
659.3	1348.5
478.9	2067.4
570.2	1307.1
430.5	1725.7
578.8	1433.7
530.9	2039.4
517.9	1659.2
942.8	1649.1
339.0	1816.0
674.8	1570.7
331.3	2326.9
488.7	1263.1
327.0	1384.5
298.9	1274.5
355.8	2088.5
337.9	2288.3
779.1	1330.5
433.7	2005.4
646.7	1253.4
516.8	1559.4
343.0	2067.8
352.8	1897.0
416.1	1970.8
328.5	1962.9
600.5	2029.7
578.0	1953.8
938.2	1485.5
569.6	1831.8
302.3	2174.1
586.2	1629.2
364.0	1464.2
551.1	2061.1
264.3	2359.7
585.2	1351.7
552.7	1754.3
321.3	2174.1
431.9	1702.4
388.2	2112.9
371.5	1996.7
512.7	1436.5
675.8	1388.0
363.4	1934.7
359.0	2187.2
624.8	1942.9
309.3	2064.4
604.0	1223.0
756.1	1536.6
507.4	1102.8
327.4	1921.8
525.4	1610.9
423.4	1596.0
385.1	1727.5
675.1	1658.5
648.2	1197.6
517.2	1506.5
778.8	1848.8
351.1	1606.1
732.7	1686.7
479.2	976.0
673.5	1358.1
423.0	1742.1
550.3	1675.7
942.5	1611.6
722.2	1321.8
422.0	1965.9
427.4	973.1
526.4	2033.7
990.4	1872.5
569.7	1953.4
556.4	1283.8
468.8	1315.7
613.2	2041.5
513.6	1190.9
459.0	1748.3
358.8	1615.5
518.6	1046.5
355.5	1242.3
507.4	1102.8
585.2	1351.7
550.7	1494.5
355.9	1488.0
561.9	1516.9
363.9	1989.4
555.1	958.7
766.8	2056.9
500.6	1415.7
416.1	1970.8
438.9	1675.2
580.7	983.3
408.7	1184.0
493.7	1964.5
408.9	2145.7
522.5	1268.8
445.6	1699.3
352.1	1195.4
741.8	1521.2
736.0	1586.8
385.1	868.8
768.2	1380.7
432.1	824.2
530.0	1318.0
318.4	1909.6
584.9	1312.7
442.4	1025.1
686.2	1368.3
658.0	1017.7
516.4	1012.5
551.1	2061.1
729.2	1451.1
486.4	1023.8
579.7	1214.9
496.2	1260.1
599.3	1222.4
604.6	1121.6
461.5	1939.4
438.4	1818.8
592.7	1190.3
434.5	1070.6
568.2	1807.2
667.0	1456.1
502.3	1638.9
597.2	1324.7
589.1	923.8
614.2	1465.4
366.4	1894.1
670.0	1316.9
448.8	2212.0
647.5	1542.0
415.1	2072.8
373.3	1137.6
262.8	1821.8
536.8	2051.9
380.8	2277.5
337.9	1418.3
522.5	1268.8
536.0	2078.2
421.6	1843.5
569.6	1831.8
296.8	2218.6
790.5	1612.5
661.5	1600.0
448.2	1743.3
1052.2	1522.8
509.7	1574.5
319.8	1573.0
497.9	1093.1
605.5	1740.7
597.7	1722.1
477.5	1073.1
412.2	2003.5
411.8	1981.4
527.8	1374.3
335.7	2147.6
497.4	1762.7
635.5	1703.6
612.7	1886.9
612.7	1886.9
651.3	1764.5
433.7	2005.4
461.2	1527.6
406.8	990.2
630.2	1287.7
489.2	1555.4
319.5	2430.2
676.5	1450.2
398.1	875.7
712.2	1449.5
761.5	1515.8
278.9	2226.9
445.9	1571.6
762.9	1494.1
880.5	1546.8
671.3	1572.6
445.3	1130.2
254.5	2233.6
665.3	1810.6
550.1	1812.9
346.1	1751.1
639.3	1487.6
340.6	2119.7
663.2	1545.0
561.9	1516.9
374.9	1392.9
326.9	1776.3
549.5	1896.5
522.9	1742.9
395.5	1878.7
396.9	1917.8
503.6	1873.6
605.7	1638.1
640.0	1677.2
640.4	1901.7
657.2	1582.1
707.3	1587.2
630.5	1070.7
721.8	1524.1
354.6	1908.6
283.8	1980.0
259.3	2345.7
309.3	2064.4
488.5	1502.8
380.4	1962.0
330.6	1994.1
432.1	824.2
404.5	1826.4
499.9	1902.8
462.1	2179.0
262.8	1821.8
706.4	1626.0
496.0	1439.9
410.9	1768.1
369.0	1631.8
754.7	1111.1
516.6	1499.4
317.6	1715.5
743.2	1601.5
520.8	863.7
496.2	1191.5
491.7	1291.5
289.1	2293.5
684.7	1016.9
359.1	2164.2
547.1	1766.3
600.5	2029.7
313.3	2207.9
621.3	1239.7
289.1	2437.2
326.4	1995.7
623.9	1816.1
291.0	2215.7
587.0	1661.3
519.3	1852.4
679.2	1670.0
719.9	1680.5
747.4	1650.1
416.7	2161.3
728.2	1479.9
483.6	1647.1
488.5	1502.8
704.2	1808.5
629.2	1732.4
522.9	1576.1
393.9	1816.4
379.1	2081.7
313.5	2209.8
516.1	1844.5
589.7	995.6
625.2	1453.3
817.6	1641.3
509.9	1784.0
824.1	1461.4
273.5	2015.6
598.5	1719.5
498.6	1953.6
416.3	1486.2
419.4	1859.8
315.8	1886.0
787.4	1576.3
354.6	1908.6
851.1	1658.9
334.1	2272.7
549.8	2100.0
763.8	1536.9
391.1	1143.2
611.5	2079.1
696.2	1705.0
622.0	1618.3
400.2	806.1
285.6	2208.7
708.9	1681.7
420.1	1866.0
684.6	1558.0
449.5	1020.4
707.9	1616.6
587.9	1482.0
343.0	2067.8
624.8	1942.9
629.6	1297.2
713.6	1393.8
540.1	1088.8
651.0	1360.2
369.1	1192.1
332.3	1142.0
654.1	2192.6
543.0	1039.8
266.6	2345.0
717.9	1518.2
559.0	1888.7
474.1	1033.8
554.3	1725.5
464.9	1672.2
524.5	968.4
631.7	1556.0
526.4	2033.7
760.0	1296.3
627.1	1441.5
824.9	1433.8
457.0	1253.7
524.5	968.4
328.5	1962.9
436.1	1114.3
719.9	1680.5
674.2	1659.5
270.3	1974.2
259.5	2165.7
330.6	1994.1
505.1	1701.6
317.6	1715.5
333.1	1473.1
619.1	1899.1
628.0	1387.1
556.8	982.6
371.9	2188.9
332.9	830.2
461.8	1480.5
726.3	1422.9
639.8	1855.8
522.9	1742.9
606.4	1497.3
321.5	2267.6
766.8	2056.9
261.6	2178.9
512.1	1906.9
497.9	1916.9
442.2	2032.3
515.3	1614.4
724.4	1700.7
392.9	1905.1
614.0	2009.3
656.7	1306.7
496.3	1665.3
546.4	1869.7
459.1	962.6
729.9	1126.6
526.0	1411.9
509.6	1647.6
502.3	1638.9
339.0	1816.0
404.5	1826.4
711.2	1460.4
369.8	1617.4
253.4	2239.1
936.9	1643.4
763.6	1530.8
341.1	1962.0
509.6	2279.0
655.9	1838.7
273.5	2015.6
423.6	2043.3
624.4	1175.4
419.2	1668.2
489.2	1955.1
429.8	2482.6
693.2	1431.9
628.1	1998.4
463.1	965.8
668.6	1478.4
540.0	1613.0
557.4	1124.9
578.6	1595.2
426.0	2122.5
519.1	1896.0
516.0	2030.8
291.0	2215.7
321.1	2371.0
381.1	1445.0
531.8	910.1
332.2	2008.9
445.7	1021.9
675.5	1596.4
466.7	1944.9
607.8	1626.6
464.1	1558.7
421.8	821.5
356.4	1782.6
609.2	1364.0
769.4	1617.6
296.4	2299.6
334.8	1463.6
285.0	2199.5
337.4	1517.4
683.1	1672.0
559.3	903.2
422.1	818.5
549.1	1588.9
323.6	1863.7
597.3	1774.1
365.5	2141.8
303.5	1089.7
423.4	1635.9
728.0	1481.1
497.3	1651.5
588.8	965.9
429.5	1883.3
406.9	906.8
331.3	2326.9
340.6	1124.1
313.0	1778.7
315.8	1886.0
321.1	2371.0
672.0	1898.6
727.4	1580.1
377.3	2209.2
451.3	2188.4
467.5	1392.2
370.0	2157.2
384.2	2181.6
504.3	1092.8
550.3	1759.1
389.6	909.1
873.9	1701.6
648.1	1604.3
394.9	1951.0
558.6	1784.5
721.8	1524.1
372.5	2183.6
519.6	1940.8
419.7	1746.3
447.9	1555.3
329.5	1518.3
624.4	1175.4
728.0	1481.1
644.0	1012.9
428.4	1079.6
599.8	1324.6
663.3	1440.9
766.5	1397.1
645.0	1431.5
662.5	1487.6
655.7	1448.4
553.9	1580.0
659.2	2007.5
707.3	1587.2
579.1	1451.6
526.8	1503.4
620.8	1626.7
678.3	1319.8
400.4	1666.9
589.2	1537.5
710.8	1337.5
578.3	1501.0
677.6	1623.7
346.1	1751.1
324.5	2243.6
639.7	1539.6
497.7	1796.4
654.9	1585.0
549.5	1158.6
282.4	2398.8
354.0	2138.4
748.8	1468.3
601.3	1605.8
308.5	2061.6
360.8	1909.0
637.2	1310.9
337.4	1517.4
345.9	2039.4
371.0	1672.0
524.7	1649.1
612.4	1581.5
618.9	1083.9
471.6	2212.7
431.8	1278.3
366.4	1894.1
589.1	1563.1
490.1	1587.7
266.4	1524.3
535.1	1920.9
675.1	1658.5
537.7	2272.6
448.5	979.4
412.2	2003.5
296.2	1834.4
760.0	1296.3
319.5	2206.5
563.3	2182.1
345.9	1924.0
435.8	875.8
319.5	2206.5
679.2	1670.0
646.8	1541.2
561.1	1180.9
468.5	1784.1
410.0	1942.2
520.5	1952.7
726.4	1573.6
716.5	1472.4
446.3	1030.9
590.9	1467.4
759.7	1541.0
326.9	1776.3
645.9	1642.4
384.7	2012.0
661.6	1636.4
273.2	2154.9
646.4	1355.0
807.3	1555.6
332.0	1736.3
538.6	1780.2
390.7	723.0
439.6	884.5
688.4	1736.1
377.8	2264.1
581.4	1638.1
344.0	2330.7
296.6	1763.1
265.6	1745.7
659.3	1496.1
295.2	2201.8
696.2	1705.0
615.0	1377.5
511.4	1672.0
537.9	1756.2
683.8	1613.5
410.5	2256.6
350.5	1363.6
398.0	1797.4
634.7	1209.2
645.5	1561.1
263.6	2187.2
615.0	1897.4
620.8	1626.7
404.4	1896.8
732.0	1635.3
386.5	2178.3
345.3	2074.0
247.4	1350.9
310.8	2010.6
421.0	840.9
570.4	990.8
511.4	1672.0
303.9	2231.1
415.1	1493.3
548.6	1027.6
644.6	1006.9
423.8	836.2
664.9	1501.0
475.3	1851.5
345.2	2171.5
462.8	993.1
606.7	1349.9
656.8	1219.6
549.8	1595.9
667.0	1200.7
758.3	1445.5
566.3	1803.5
463.1	965.8
415.1	1493.3
512.7	1436.5
621.2	1133.7
306.4	2051.1
507.6	1904.5
603.6	1415.7
585.9	1337.9
503.7	1777.6
464.7	1652.1
432.9	1857.1
416.7	2161.3
559.0	1888.7
570.1	1432.0
323.6	1863.7
457.9	1033.7
399.5	2152.3
553.5	1672.4
516.6	1499.4
767.0	1367.5
560.6	1390.5
678.6	1545.2
449.8	1084.2
565.4	1295.1
417.9	840.3
291.8	1782.8
573.2	1014.9
328.9	2036.5
653.1	1469.5
506.0	1660.9
774.7	1772.6
394.9	1951.0
551.4	1660.2
550.1	1812.9
521.6	1538.0
522.2	1594.2
807.2	1484.8
496.6	2010.3
496.0	1439.9
627.0	1672.5
419.4	2022.3
310.8	2010.6
604.3	1056.9
561.7	1853.4
716.3	1691.2
684.2	1066.6
761.3	1574.9
295.2	2201.8
821.8	1624.6
642.5	1548.9
520.3	1062.6
410.5	2256.6
614.1	1509.5
606.3	1745.3
412.6	1453.6
656.8	1219.6
364.8	2154.6
363.9	1989.4
553.1	1813.2
643.8	1462.8
451.7	1706.8
625.9	1649.3
542.3	1974.7
464.2	1326.4
420.1	1866.0
639.8	1518.4
439.1	1774.6
274.1	1668.8
573.2	1014.9
737.2	1570.5
779.1	1330.5
697.4	1292.4
694.8	1631.0
395.5	1878.7
491.6	1743.2
493.4	1526.8
474.1	1033.8
325.7	2178.1
319.0	1921.2
270.0	2132.0
374.9	1652.2
904.3	1505.6
365.1	1877.7
484.4	1918.0
471.5	994.3
656.1	1271.6
640.4	1901.7
411.2	1415.4
661.1	1703.3
376.6	1966.6
607.2	1244.8
516.0	1205.9
340.3	1525.0
405.2	2122.0
309.2	1838.6
609.2	1553.3
512.6	1409.2
597.7	1722.1
469.7	1940.9
836.0	1799.1
756.1	1536.6
394.9	2001.0
607.3	1677.6
330.6	2454.9
406.7	2221.4
358.6	2071.8
515.6	1259.7
758.7	1950.4
406.2	2025.9
880.5	1546.8
684.2	1066.6
489.5	2014.7
604.0	1321.0
331.9	1235.9
674.4	1547.9
651.9	1507.4
835.5	1504.0
721.4	1766.2
990.4	1872.5
306.4	2051.1
356.2	1830.5
289.2	1501.1
463.4	1885.9
340.1	2117.1
745.8	1452.1
369.1	1192.1
491.7	1291.5
661.7	1604.3
396.0	1686.4
296.2	1834.4
833.7	1595.7
713.9	1472.1
592.7	1190.3
617.3	1567.6
429.7	2215.4
621.7	1125.8
577.0	1179.8
294.6	2332.3
634.0	1806.2
693.2	1431.9
735.1	1472.7
552.7	1754.3
530.4	1128.6
630.7	1419.7
583.5	1508.8
469.4	1825.2
430.3	1708.5
625.0	1848.7
637.6	1229.0
748.8	1468.3
572.9	1587.5
388.8	1541.5
591.9	1182.5
651.3	1764.5
470.9	1920.4
481.5	1971.9
325.7	2058.6
498.6	1652.8
278.9	2226.9
656.1	1271.6
430.5	1725.7
638.9	1148.8
677.4	992.1
417.8	1343.4
609.2	1553.3
360.7	1857.8
774.7	1772.6
419.4	1859.8
506.0	1660.9
464.3	1746.4
276.0	2259.4
772.5	1447.7
604.9	1036.6
584.6	1116.7
730.2	1338.0
388.0	1507.7
501.8	1559.7
602.0	1587.5
584.7	1569.0
731.8	1148.6
345.2	1516.7
280.1	2270.0
297.7	1898.3
597.4	1814.5
307.7	2395.7
588.2	1729.9
665.3	1810.6
670.0	1316.9
333.6	1810.6
627.8	1663.4
398.0	1797.4
522.3	1668.1
499.6	1674.7
540.9	1909.4
456.2	1905.5
441.6	1813.2
561.8	1578.8
592.2	1337.1
733.4	1301.7
688.0	1672.1
559.7	2023.4
630.7	1419.7
445.9	1571.6
417.5	1985.8
431.8	1278.3
365.6	1909.5
713.9	1472.1
658.2	1209.8
699.2	1488.3
692.6	1565.5
604.6	1121.6
566.8	1208.8
601.3	956.3
637.6	1229.0
585.4	1685.5
597.2	1324.7
379.2	2142.8
577.2	1613.6
566.3	1772.9
551.5	1767.7
362.3	2152.2
658.0	1017.7
352.8	1478.5
303.5	1089.7
464.0	2021.1
841.3	1782.4
884.1	1422.7
505.0	1538.2
402.4	1022.8
607.8	1323.7
425.2	1178.6
493.4	1526.8
568.5	1586.2
571.3	1264.3
613.6	1737.5
430.6	1651.0
335.4	2083.6
549.5	1896.5
618.7	1500.4
656.2	1569.3
555.1	958.7
514.8	2265.3
379.9	1906.2
506.6	1838.1
564.2	1674.4
942.5	1611.6
648.1	1604.3
273.8	2198.5
333.8	1871.6
336.4	1990.0
938.2	1485.5
560.1	976.2
419.2	1668.2
377.8	2264.1
540.8	1076.9
710.3	1758.8
815.4	1616.7
606.7	1349.9
259.5	2165.7
556.4	1283.8
611.1	1331.6
559.7	2067.0
289.1	2293.5
521.8	1618.7
359.1	2179.5
415.0	1111.8
570.2	1307.1
732.0	1635.3
359.1	2271.9
710.9	1315.7
560.9	1326.1
376.6	1966.6
646.7	1369.7
553.5	1672.4
602.3	1587.2
447.2	2039.8
585.7	1573.4
414.7	1703.6
454.9	1991.1
581.8	1016.5
824.8	1602.6
673.3	1693.2
691.1	1587.8
496.2	1260.1
661.6	1636.4
522.0	1029.4
706.8	1525.5
461.9	1142.9
485.5	1072.7
662.6	1453.7
630.8	1776.4
601.3	1033.8
457.9	1599.4
584.6	1116.7
360.8	1909.0
612.3	1508.2
595.4	1656.9
415.2	2101.9
617.9	1660.5
889.1	1552.7
408.9	2145.7
549.6	1508.4
615.5	1617.1
761.5	1515.8
352.8	1478.5
588.2	1729.9
603.8	1685.0
569.3	1595.6
475.9	869.4
460.3	1115.2
581.0	1621.9
699.2	1488.3
528.1	1426.5
259.3	2345.7
435.8	875.8
426.7	1910.7
607.3	1419.7
554.4	1878.1
666.8	1285.7
677.6	1623.7
282.4	2398.8
590.1	1223.6
406.7	2221.4
498.6	1953.6
415.1	2072.8
449.1	863.7
351.1	1603.6
726.7	1713.9
470.0	1695.2
490.6	1036.6
757.5	1536.4
401.1	2248.5
454.9	1991.1
709.5	1353.1
354.1	2083.7
656.2	1569.3
464.3	1160.3
359.8	1926.2
421.2	951.1
517.1	1918.9
423.7	1261.7
748.0	1521.2
873.9	1701.6
293.1	2309.2
702.0	1359.0
582.1	1483.9
496.2	1974.8
904.3	1505.6
379.9	1906.2
302.6	1984.0
451.7	1706.8
642.5	1548.9
333.4	1902.6
328.4	2193.3
692.4	1425.1
378.6	2069.2
606.2	1407.9
619.1	1899.1
414.0	1456.8
519.6	1940.8
644.3	1384.8
672.7	1807.2
689.6	1430.4
493.7	1964.5
520.8	863.7
415.9	1170.8
270.0	2132.0
270.3	1974.2
437.7	1787.3
430.6	1651.0
568.2	1551.3
459.1	962.6
565.4	1109.4
384.1	2030.5
581.6	1175.1
347.7	2204.6
305.1	1632.1
390.7	723.0
389.6	1549.6
716.5	1472.4
664.9	1501.0
253.4	2239.1
316.2	2269.4
444.9	1395.0
446.0	1653.2
678.3	1319.8
412.6	1453.6
395.7	1060.7
421.2	2302.4
566.2	1428.9
560.6	966.7
371.0	1672.0
548.9	978.8
479.2	976.0
380.8	2277.5
414.2	2389.6
649.1	1848.6
762.3	1536.4
532.8	1493.5
456.2	1905.5
442.4	1025.1
239.8	2215.2
499.1	1163.3
350.2	2247.5
448.2	1743.3
622.0	1618.3
614.2	1465.4
630.5	1070.7
411.5	1129.3
645.9	1519.4
388.5	2159.6
578.5	1910.5
463.4	1885.9
336.4	1990.0
654.8	1391.1
489.9	2074.0
742.1	1576.6
798.3	1270.4
413.8	1673.1
496.3	1192.7
512.1	1906.9
670.9	1486.8
692.4	1425.1
667.0	1456.1
477.1	1788.6
518.2	2059.2
334.8	1463.6
340.9	2263.3
540.4	1405.0
597.6	1430.0
373.3	817.2
490.6	1036.6
600.2	1231.3
359.1	2271.9
823.4	1464.0
363.4	1934.7
603.6	1415.7
696.3	1556.1
558.3	1554.6
712.9	1384.3
302.6	1984.0
636.8	1243.8
377.9	1801.2
739.3	1458.3
653.7	2086.3
768.2	1380.7
445.6	1699.3
400.1	1543.8
479.3	2046.5
313.5	2209.8
504.0	2029.6
592.2	1337.1
613.6	1737.5
339.7	2240.8
517.2	1506.5
413.2	1977.8
504.1	1296.4
621.8	1567.7
310.3	1901.3
354.0	2138.4
351.6	2082.3
524.0	1869.5
592.9	1384.6
260.8	2027.0
600.6	1582.2
710.9	1315.7
630.2	1287.7
644.6	1006.9
351.2	917.3
617.3	1567.6
592.3	1778.5
515.3	1614.4
615.6	1098.0
662.5	1559.4
636.2	1754.0
468.3	1761.5
414.7	1703.6
372.5	1822.2
311.9	1839.5
362.5	2241.3
528.9	1304.4
546.1	2139.2
369.4	1929.3
516.8	1559.4
652.0	1687.3
525.5	1019.9
351.3	2033.0
621.2	1133.7
477.7	1557.3
326.2	2166.9
691.9	1650.2
640.6	1546.3
391.9	1489.3
353.1	1902.8
560.1	1445.4
642.3	1558.2
679.3	1517.3
650.0	1518.6
330.1	2110.0
804.1	2233.7
505.2	1746.3
660.9	1701.1
435.8	899.6
295.1	2297.9
650.1	1661.6
674.2	1659.5
566.3	1129.1
560.7	897.1
461.8	1480.5
540.8	1076.9
332.0	1736.3
497.9	1916.9
483.6	1647.1
477.5	1073.1
636.4	1575.3
578.8	1433.7
302.3	2174.1
641.3	1640.4
348.0	1796.3
337.9	1418.3
475.8	1579.1
406.8	990.2
731.8	1148.6
350.7	839.6
307.6	2366.6
649.1	1848.6
761.7	1630.0
393.1	1820.1
623.1	1715.4
495.3	1011.5
513.2	1889.1
544.0	1016.4
516.3	1093.4
373.9	1769.2
763.7	1657.4
380.0	1334.9
326.2	2340.4
602.3	1587.2
644.5	1901.4
287.5	1719.0
759.7	1541.0
540.3	2111.0
339.1	1623.8
672.0	1898.6
656.7	1306.7
677.4	992.1
609.0	1297.3
544.8	2297.6
377.5	2003.3
607.3	1419.7
471.3	1439.4
287.5	1719.0
587.0	1183.9
526.8	1503.4
684.7	1016.9
419.3	965.6
314.4	2231.9
445.3	1130.2
384.0	2166.5
518.6	1046.5
895.0	1595.2
496.3	1665.3
365.5	2141.8
527.1	1336.7
824.9	1433.8
761.7	1630.0
353.5	2230.9
691.9	1650.2
366.1	1869.2
464.7	1652.1
412.7	779.1
420.9	2175.5
658.8	1480.6
487.4	1707.6
610.4	1534.6
402.4	1022.8
258.2	2386.1
413.8	1673.1
261.2	2030.3
496.7	920.3
612.9	1433.4
894.7	1424.2
358.3	1866.6
298.9	1274.5
396.9	1587.6
653.7	1733.6
612.6	1010.5
743.2	1601.5
471.3	1439.4
360.7	1870.6
564.0	1904.4
367.1	1344.4
351.8	2036.6
556.7	967.8
296.8	2218.6
490.2	1614.0
344.4	1312.2
391.1	1143.2
884.1	1422.7
415.0	1111.8
751.7	1474.1
512.1	1348.8
673.3	1693.2
441.6	1813.2
373.9	1769.2
469.6	2179.0
767.7	1494.9
740.7	1677.0
407.4	1874.2
726.3	1422.9
411.8	1691.0
530.3	2057.5
823.4	1464.0
421.1	2137.5
915.7	1526.6
582.9	1383.6
278.1	1747.9
344.4	1695.7
391.2	1274.8
633.5	1611.5
514.8	2265.3
558.5	1205.0
644.8	1491.2
286.4	1924.8
568.2	1807.2
618.9	1083.9
297.7	1898.3
647.3	1768.6
396.9	1917.8
342.8	1806.0
624.1	1613.7
758.3	1445.5
344.9	1478.6
463.6	914.2
742.1	1576.6
442.5	1494.4
643.3	1812.6
508.8	1222.8
374.5	2049.0
662.6	1044.8
460.6	1745.3
551.8	1363.7
749.5	1529.0
662.6	1044.8
667.0	1200.7
511.9	1685.4
532.3	2216.8
392.9	1905.1
492.5	1922.4
540.7	1740.0
770.6	1514.3
350.5	1363.6
561.1	1494.9
512.9	1499.0
475.7	1651.7
411.8	1691.0
497.7	1796.4
577.5	1401.6
394.6	2033.0
489.5	2014.7
589.2	1537.5
392.4	1410.3
426.0	783.5
437.7	1805.5
507.6	1089.0
313.0	1778.7
394.6	2033.0
368.3	2257.5
419.3	965.6
354.5	1944.3
463.6	914.2
350.7	839.6
615.5	1617.1
739.3	1458.3
521.1	1329.1
437.7	1805.5
406.1	1713.5
492.8	1893.9
574.6	1996.1
639.7	1539.6
605.8	1179.3
670.6	1264.9
349.1	1772.2
496.0	1146.6
647.3	1768.6
409.6	1452.5
360.7	1857.8
353.1	1902.8
520.5	1952.7
516.0	1205.9
423.0	1742.1
706.8	1652.7
416.1	835.0
602.0	1224.0
282.0	2262.7
604.0	1223.0
709.4	1292.3
305.9	1898.6
667.9	1254.1
509.9	1599.1
748.0	1521.2
536.0	2078.2
462.8	993.1
442.2	2032.3
869.2	1993.5
607.3	2004.0
336.3	1578.0
677.0	1600.6
389.6	1549.6
313.4	1833.1
359.1	2294.4
422.1	818.5
339.2	1885.9
558.8	962.7
661.5	1600.0
348.2	2151.7
547.3	1779.0
537.3	1853.3
559.7	2067.0
435.2	1569.9
646.8	1541.2
694.4	1664.6
358.8	853.1
667.3	1771.0
551.4	1660.2
672.7	1807.2
335.6	2198.2
660.9	1701.1
564.0	1904.4
895.0	1595.2
433.2	1518.6
522.5	1367.1
430.9	1818.5
424.9	925.9
422.5	983.7
500.6	1415.7
341.1	1962.0
374.7	1764.2
558.3	1554.6
570.0	1883.0
406.2	2025.9
266.6	2345.0
585.9	1337.9
342.8	1806.0
257.3	2235.6
546.4	1869.7
359.8	1926.2
559.1	1593.3
497.8	1745.0
512.1	1800.3
381.3	1332.9
537.6	1873.7
572.6	1329.5
475.8	1579.1
531.9	1552.2
759.5	1521.3
286.4	1924.8
502.6	1934.0
408.4	2003.9
710.0	1426.8
369.0	1631.8
367.2	2041.5
447.9	1555.3
581.4	1638.1
549.8	1595.9
338.1	1401.4
519.1	1896.0
506.6	1838.1
447.6	2252.9
350.1	2026.5
669.2	1667.4
569.0	1080.2
649.0	1331.4
556.8	982.6
689.6	1430.4
423.8	836.2
607.8	1051.2
200.0	2265.1
525.5	1019.9
319.6	1973.8
700.6	1446.3
574.3	1813.3
632.8	982.6
1052.2	1522.8
517.1	1894.5
737.2	1570.5
592.3	1778.5
652.2	1315.6
698.0	1381.0
281.6	1547.3
676.1	1802.4
601.3	956.3
688.4	1736.1
607.3	1677.6
433.2	930.3
618.5	1833.5
527.8	1374.3
410.0	1942.2
394.0	1806.8
557.4	1526.0
692.1	1284.1
566.8	1208.8
623.9	1816.1
385.9	1785.9
536.8	2051.9
430.6	2002.7
548.7	1858.6
522.3	1668.1
642.0	1682.0
605.5	1740.7
591.9	1400.9
771.3	1284.4
264.3	2359.7
769.2	1670.0
602.0	1788.1
516.4	1012.5
392.1	1764.8
342.9	2095.4
385.4	1443.8
345.9	1924.0
285.6	2208.7
423.7	1832.3
623.4	2447.1
548.6	1027.6
490.2	1614.0
417.5	1985.8
650.8	1652.7
356.9	1968.8
350.1	2026.5
461.2	1190.2
683.8	1613.5
668.6	1478.4
444.0	996.2
342.3	2085.6
572.8	1639.4
668.4	1741.1
350.4	2270.4
305.5	2168.7
669.5	1263.1
752.6	1359.5
655.7	1448.4
582.6	964.6
627.2	1271.3
419.4	2022.3
644.5	1901.4
410.7	1203.3
403.8	1181.4
638.2	1067.0
585.4	1685.5
339.9	1865.3
431.9	1702.4
562.3	1608.8
446.0	1653.2
358.8	853.1
445.6	1758.8
351.2	917.3
599.8	1324.6
530.2	1287.1
485.5	1072.7
308.9	2322.8
395.8	899.5
912.2	1525.0
566.3	1772.9
379.2	2142.8
462.1	2179.0
561.8	1578.8
457.9	1599.4
635.9	1270.4
464.7	2072.2
314.8	2119.0
727.9	1681.6
709.5	1353.1
257.3	2235.6
683.7	1524.6
345.8	2189.1
649.0	1331.4
543.0	1039.8
530.4	1147.6
716.6	1475.9
889.1	1552.7
458.4	1981.5
310.6	2251.5
458.4	1981.5
883.6	1720.0
728.2	1479.9
634.7	1209.2
527.2	1839.0
375.0	1436.8
388.8	1541.5
770.6	1514.3
662.6	1453.7
649.2	1549.0
375.2	2076.0
613.0	1248.4
444.9	1395.0
503.7	1777.6
736.0	1586.8
556.7	967.8
602.0	1788.1
822.8	1808.5
484.7	1632.1
640.6	1546.3
652.0	1687.3
392.4	2083.8
573.1	867.0
384.3	1909.1
641.8	1602.8
675.7	1469.2
497.4	1762.7
657.2	1582.1
651.9	1507.4
678.5	1499.1
380.4	1962.0
343.1	1432.1
747.4	1650.1
641.3	1640.4
352.1	1195.4
582.1	1483.9
394.0	1806.8
342.3	2085.6
365.3	1666.7
640.7	1517.3
612.6	1010.5
651.6	1174.2
478.9	2067.4
670.9	1486.8
320.5	2384.8
401.7	1981.1
401.1	2248.5
423.4	1635.9
327.4	1921.8
294.6	2332.3
660.7	1496.8
566.2	1428.9
703.7	1515.3
565.4	1109.4
511.2	894.4
615.7	1581.4
605.9	1066.0
531.9	1552.2
706.2	1869.2
675.7	1469.2
758.1	1419.1
840.8	1537.3
663.6	1301.3
511.2	894.4
500.7	1564.4
559.7	1343.4
596.1	1507.9
645.5	1561.1
419.1	1925.2
331.4	2091.5
568.3	1153.3
481.7	1013.9
546.1	2139.2
435.2	1569.9
540.3	2111.0
629.7	1828.6
579.1	1451.6
401.6	1660.9
646.7	1253.4
470.9	1920.4
584.9	1312.7
511.0	1517.0
640.7	1762.7
462.4	2076.9
717.9	1518.2
335.1	1658.5
345.9	2039.4
600.3	1428.9
631.3	1009.5
662.2	1615.1
307.7	2395.7
289.2	1501.1
643.8	1462.8
772.5	1447.7
496.9	1451.1
487.1	2019.6
344.3	2037.7
635.6	1456.0
352.8	2002.6
496.1	1914.4
388.0	1507.7
741.8	1521.2
612.8	1157.8
333.5	1587.4
764.2	1716.0
337.9	2288.3
590.7	1544.3
915.7	1526.6
513.2	1889.1
428.4	1079.6
405.9	1626.5
536.5	1640.0
540.0	1613.0
426.0	2122.5
409.6	1452.5
550.3	1759.1
513.0	1742.9
716.2	1355.5
639.3	1487.6
662.5	1487.6
565.6	1762.9
475.6	2079.6
623.4	1302.6
604.4	1523.6
449.5	1020.4
399.5	2152.3
355.3	1720.3
303.9	2231.1
365.6	1909.5
521.2	903.7
231.4	2190.7
646.2	1699.1
469.4	1825.2
444.8	1391.5
741.1	1554.4
600.6	1582.2
395.7	1309.5
627.0	1737.8
586.2	1716.1
534.9	1347.8
568.6	994.0
582.0	1755.9
630.8	1776.4
817.6	1641.3
492.5	1487.7
564.7	1983.7
373.3	1137.6
420.6	2079.4
320.3	1993.4
499.1	1163.3
351.2	2038.4
515.5	805.9
702.0	1359.0
737.2	1446.9
762.3	1536.4
344.6	2358.8
637.6	1247.8
544.0	1016.4
705.9	1907.9
812.9	1466.3
580.3	1515.8
367.2	2041.5
511.0	1517.0
638.9	1148.8
623.0	1012.1
796.3	1506.2
609.0	1297.3
421.6	1843.5
390.9	841.8
763.8	1536.9
652.2	1315.6
631.7	1556.0
552.9	1001.6
417.8	2106.4
670.6	1264.9
468.5	1784.1
375.0	1436.8
706.8	1652.7
427.9	2125.4
343.1	1432.1
446.3	1030.9
862.7	1481.5
663.2	1545.0
736.6	1521.4
381.3	1003.1
313.3	2459.8
352.8	1897.0
512.8	844.3
607.8	1323.7
610.4	1534.6
796.3	1506.2
484.7	1632.1
550.2	1351.1
563.5	1566.3
628.1	1998.4
586.2	1716.1
532.3	2216.8
604.8	1075.2
